"fips","county_name","HCVPercentPerHouseHold","PercentMultiFamAssistPerHouseold","PercentLIHTCperHousehold","Percent_515Properties","PercentHudSec8Lost5Year","PercentLILost5Year","PercentUSDAsec515Lost5Year","X5YearPctChange","MultiFamHomeConstructPct","SingleFamHomeConstructPct","MedianValue","PctChange","TypicalRenterCosts","TypicalOwnerCosts","AgingHousingStock","AffordabilityIndex","HousingPriceDispersion","CostBurdenOwner","CostBurdenRenter","HomeOwnerShipRate","RentalUnitRatio","MultiFamShare","DaysOnMarketUntilSale","InventoryOfHomesForSale","AverageEvictionFilingsPer1000Households"
19001,"Adair County",0.446304045,1.0041841,0.892608089,3.542538354,0,0,0,26.02695764,0,2.933863749,111100,25.67887315,575,729,35.6,2.48506945221106,2.35961272475795,9.1,30.3,69.9,0.317376437674852,7.2,"73","11",2.48678893378924
19003,"Adams County",0,NA,0.63559322,0.423728814,0,0,0,27.8,0,0.217502559,81400,NA,679,649,46.6,2.01530043821643,3.72553191489362,13.2,19.2,80.8,0.194837123540258,4.1,"--","2",0.82610491511772
19005,"Allamakee County",0.769431403,0.208659364,0.860719875,0.965049557,100,0,0,14.81632415,1.129943503,5.087014726,133400,22.74952117,629,681,29.2,3.07288307380448,2.87974683544304,11.2,42.6,80.1,0.222465108458046,9,"34","18",1.72503018802829
19007,"Appanoose County",0.618458611,0.808753568,1.443070092,2.220107834,100,0,51.42857143,22.6486925,0,0.073899668,85000,19.49027029,661,636,35.6,2.03592814371257,3.16666666666667,15.1,50.5,72.4,0.327174749807544,11.7,"37","50",3.50877193045113
19009,"Audubon County",0,NA,NA,1.578758522,0,0,65.90909091,28.24056302,0,0.208038612,84300,21.31542342,606,557,42.3,2.12273059199758,3.03703703703704,5.4,42.5,75,0.271646228167967,3.7,"41","8",1.06752068334668
19011,"Benton County",0,0.650054171,NA,1.236908631,0,0,4.379562044,24.89485374,3.37995338,1.130253484,158700,21.2641702,695,974,32.3,3.26664196616031,2.34671890303624,17,40.7,81.8,0.196584513875412,4.6,"28","52",3.95513194611943
19013,"Black Hawk County",2.216567906,1.635956898,1.647910654,0.092214689,33.61169102,52.33160622,0,13.73241364,98.41017488,12.1399177,150200,21.08640303,818,890,19,3.4079822113312,2.33541017653167,9.9,49.4,65.6,0.370079330845258,16.4,"13","134",13.321530223337
19015,"Boone County",0.603976176,0.285210972,1.140843889,0.662696083,0,17.64705882,0,24.48323963,13.94422311,3.817541112,141000,23.56373172,747,947,37.3,3.11574667432713,2.37021716649431,12.5,35.3,78.2,0.246643829275067,12.2,"33","48",4.52296390765868
19017,"Bremer County",0.400610454,0.963372758,0.858450973,0.953834414,0,13.33333333,0,12.28125742,12.78118609,3.736898071,169000,19.41555125,677,913,31.6,3.21219493651638,2.30606860158311,8.4,39.3,83.1,0.189669421487603,10.3,"15","24",0.863915958221024
19019,"Buchanan County",0.202565834,NA,0.258834121,2.23947783,0,0,0,21.44447712,14.57541191,0.715672004,143200,22.86320941,691,801,27.6,3.23645075261041,2.22421052631579,7.7,31.3,80,0.230845895104024,7.9,"36","20",3.53744815808734
19021,"Buena Vista County",0.712443189,1.498587397,3.083159317,0.417639111,13.1147541,0,0,23.38926667,0.668896321,1.168468783,120300,23.39849134,706,694,28.8,3.08398277276456,2.40915032679739,7.2,37.8,64.5,0.386471518987342,15.2,"74","10",0.537129045253122
19023,"Butler County",0,NA,0.305997552,2.723378213,0,0,0,18.35744821,0.400801603,1.718695195,120100,20.86322451,628,733,39.2,2.64176675025296,2.35148514851485,11.5,40.2,77.3,0.259223143182188,5.2,"44","17",1.11259457059413
19025,"Calhoun County",0.880318591,1.047998323,0.335359463,1.06895829,100,0,0,24.65032478,0,0.856246985,85600,23.73129694,591,581,33.1,1.99478001491424,2.89520426287744,5,42.3,78.7,0.236656105288813,8.6,"50","21",0.327600327518428
19027,"Carroll County",1.538461538,0.305584826,1.296101159,1.970495258,20.68965517,0,0,18.65429918,0.71787509,0.578818848,138700,20.53847249,610,707,27.1,3.14983876095744,2.45272525027809,8.4,42.5,76.2,0.264940469309906,8.5,"22","20",1.9818583729705
19029,"Cass County",3.079087215,0.453266646,0.812753986,0.953422945,0,0,0,31.18941788,0.5,0.594227504,107200,19.69642685,633,691,41.2,2.49493797565574,2.5997171145686,12.2,38.8,72.7,0.306219284866972,10.4,"40","17",1.31774951306291
19031,"Cedar County",0.378510379,0.183150183,0.293040293,1.501831502,0,0,0,21.78032125,25.96153846,4.192115491,163100,19.98866534,700,958,38.1,3.42683054942746,2.35124760076775,13.8,31,80.4,0.216407922912206,8.5,"25","36",1.71187779826179
19033,"Cerro Gordo County",2.340397292,1.641375039,1.791797549,0.318541786,47.70889488,0,0,20.23706994,23.81756757,4.334284973,130400,22.69831372,711,796,30.4,2.76916542790401,2.69073405535499,10.5,41.7,69.6,0.319195969566111,13.6,"84","143",3.41586905274657
19035,"Cherokee County",0.521770421,1.115509176,0.791651673,1.025548759,0,0,0,20.8539917,0.213903743,0.22564874,117400,25.41956361,536,633,38.3,2.57281234248647,2.88484848484848,6.5,40.7,73.7,0.268265055691901,7.5,"33","9",1.99680511182109
19037,"Chickasaw County",0.397542465,NA,NA,0.686664257,0,0,0,22.91687259,0.252844501,0.128132118,122000,20.25582409,638,712,33.8,2.74638692539733,2.4275092936803,8.8,32.3,82.1,0.200704914822792,4.9,"34","14",1.5266162220231
19039,"Clarke County",0.632614808,1.593252109,2.249297095,3.233364574,100,0,0,26.86667163,0,1.006792235,115400,24.55304892,601,843,29.7,2.69010210266213,2.79043600562588,11.5,49.6,69.3,0.325316455696203,11.2,"106","18",1.03332472229398
19041,"Clay County",2.355407572,1.751140708,1.368849427,1.430509311,8.450704225,14.41441441,0,19.30196112,21.58119658,1.704427354,129700,19.46540817,693,838,28.6,2.97736559386621,2.45964912280702,18.9,49.1,67.5,0.353881587860723,14.1,"49","49",3.50780023954583
19043,"Clayton County",0.8563599,0.11418132,0.17127198,1.050468143,100,0,0,15.25717112,0,1.186758276,131600,20.72195913,656,713,36.8,3.09384991536581,2.49058971141782,14.1,33.6,73.4,0.287055401295782,9.6,"26","28",1.41262246479836
19045,"Clinton County",2.082074639,0.831900358,1.673095692,0.106892225,11.17318436,10,0,20.91683261,24.93125573,2.628450667,120200,9.108792954,659,848,34.9,2.66725840452679,2.21728081321474,12.4,51.1,74.1,0.294295836114391,12.5,"32","80",7.59636606272135
19047,"Crawford County",1.006564551,1.867250182,0.612691466,0.131291028,42.1875,0,0,20.270066,1.734104046,0.660338423,101100,21.47669221,643,689,40.1,2.44114451285766,2.9281045751634,7.9,42,69.4,0.318252974326863,9,"57","24",1.81188382573941
19049,"Dallas County",0.82674772,NA,3.289969605,0.675987842,0,32.29859571,0,16.50306748,453.5714286,83.39140534,258300,26.12340521,1064,1444,10,4.05494505494505,2.43893129770992,10.1,40.8,72.2,0.305598733855241,32.7,"62","489",6.53756757462589
19051,"Davis County",0,NA,NA,1.676445935,0,0,0,13.72203744,0,0.285965684,117900,24.16410453,722,872,28.7,2.45527811907787,2.12103407755582,15.3,31.6,84.6,0.167504714016342,5.9,"48","6",1.22774708410068
19053,"Decatur County",0.355871886,0.273747605,0.191623323,1.970982754,100,100,0,16.38607232,0,0.196885627,82800,15.79835762,568,758,32.4,1.97537933008875,3.18147448015123,16.5,36.5,64.6,0.380320789636027,9.5,"6","13",0.334896182183523
19055,"Delaware County",0.62962963,0.098765432,0.641975309,1.111111111,100,0,0,21.24299788,10.24590164,0.755105543,141300,23.08831384,621,838,31.8,3.09068638173148,2.53786191536748,13.1,38.3,82.9,0.173391178597252,5.7,"36","21",1.07361247262288
19057,"Des Moines County",1.11809179,2.518368651,1.996592482,0.212969865,30.86680761,35.46666667,0,10.23398207,5.814977974,1.236282817,111600,18.13687751,808,794,37.6,2.67350214407206,2.56942496493689,11.5,57.2,69.7,0.321958456973294,11.4,"40","75",6.42747696853919
19059,"Dickinson County",1.146738733,NA,1.154042802,0.511284786,0,0,0,20.65822972,53.66492147,11.47510296,199800,24.33373723,833,886,16.7,4.41576237098592,2.73751058425063,11.7,52.1,77.9,0.224318905531313,15.5,"64","62",2.21497826855567
19061,"Dubuque County",2.054890922,0.99929627,1.684259911,0.056298381,34.74178404,34.67966574,0,19.78077322,27.52043597,9.752227511,175300,27.15481047,802,991,24.1,3.70997439207636,2.22583333333333,11.1,45.8,73.4,0.29101021860044,16.2,"11","108",7.57898606953949
19063,"Emmet County",1.519553073,NA,0.357541899,0.893854749,0,0,0,25.01728815,0,0.555799327,90000,20.12852051,637,697,32.8,2.24461292897047,2.41475409836066,9.9,36.4,78.8,0.234650758140691,7.4,"85","18",0.503524672708963
19065,"Fayette County",1.656270166,0.591525059,0.645300065,0.849645085,0,0,0,23.0313205,0.152091255,0.938799762,106200,21.73952216,645,703,38.3,2.57454545454545,2.75981161695447,15.5,46,74.2,0.299939135727328,7,"34","27",3.34393605701003
19067,"Floyd County",2.242275089,0.164068909,0.328137818,0.984413454,100,0,0,22.68160742,1.639344262,1.142595978,107700,21.60130134,537,748,38.5,2.47979553774953,2.27900912646675,4.8,44.1,73.2,0.27975068850558,9.4,"38","13",3.54609929127959
19069,"Franklin County",0.515463918,0.257731959,0.515463918,0.515463918,100,0,0,11.23156142,0.555555556,0.316388947,93200,21.19635657,647,559,37.3,1.97558080379854,2.5734375,7.1,36.2,70.5,0.309892729439809,5.8,"67","30",4.82975126780971
19071,"Fremont County",0,NA,NA,0.739549839,0,0,0,35.87119124,0,1.130434783,113200,19.57182948,640,699,37.9,2.5470254702547,2.90804597701149,11.5,28.8,76.7,0.240514905149051,4.6,"74","6",1.59313725477941
19073,"Greene County",0.626595498,1.113947552,1.39243444,0.255279647,100,0,0,17.99936488,1.263157895,0.543625985,93500,24.31720129,693,688,40.8,2.25133033155956,2.70636215334421,8,39.9,72.9,0.285608124845182,8.3,"5","9",0.526038926880589
19075,"Grundy County",0,NA,0.292772187,1.024702653,0,0,0,20.8576745,0.238663484,0.67715387,138100,20.59509016,698,827,35.6,2.87852259463065,2.36175115207373,11.2,33.8,82,0.194035631293571,4.6,"26","13",1.77549812586309
19077,"Guthrie County",0.831456782,NA,0.173220163,0.363762342,0,100,0,32.66411569,0,1.081715105,129000,23.27200427,704,788,35.2,2.6927171394577,3.0782967032967,13.3,41.4,81.3,0.221304153640018,8.2,"37","30",1.69279458313093
19079,"Hamilton County",0.980531476,0.071053006,1.79053574,0.625266449,100,0,0,19.56302351,0.256591754,0.058550716,105200,NA,762,785,38.7,2.15102132619052,2.35694444444444,10.4,34.2,74.6,0.290591310029402,10.8,"85","26",3.55451217571224
19081,"Hancock County",0.645413651,NA,0.469391747,0.469391747,0,0,0,25.27116723,8.101265823,0.491803279,100900,23.13383497,755,674,32.2,2.21670547915111,2.68454258675079,8.1,45.5,79.5,0.21955295592229,5.3,"58","42",1.23591421308615
19083,"Hardin County",0.16185259,NA,0.896414343,1.431772908,0,55.55555556,0,14.62349767,0,0.240221743,95100,NA,693,677,40.4,2.26876923443949,2.64432989690722,10.9,43.2,74.1,0.279888656924148,7.6,"26","42",2.54596888260255
19085,"Harrison County",1.830457614,1.545386347,0.690172543,0.420105026,30.09708738,43.47826087,0,28.16714063,0.035271813,0.139764543,124000,22.76312956,729,794,45.3,2.62761967324278,2.54689564068692,9.6,38.9,73.8,0.272891368559239,6.8,"34","24",0.896207920181482
19087,"Henry County",1.131221719,0.869254584,1.798047154,1.762324363,34.24657534,15.89403974,0,19.75672515,9.710743802,2.857823291,118500,21.46628605,665,802,35.2,2.84677845577283,2.24727272727273,9.1,40.7,72.9,0.30219997365301,8.9,"33","57",5.72338411179964
19089,"Howard County",0.90403338,NA,1.089476124,0.533147891,0,0,100,29.39742027,1.62601626,0.256359692,105800,24.76570258,660,738,40.7,2.54339150920717,2.44096728307255,9.8,41.2,77.2,0.250665956313266,2.3,"19","12",2.19687367984791
19091,"Humboldt County",1.093852549,NA,1.1157296,2.953401881,0,37.25490196,0,26.23803681,0.392670157,0.464975235,109200,25.95884749,586,649,35.6,2.33403154789894,2.47109826589595,13.6,35.9,74.9,0.268414779499404,6.5,"131","8",3.19175055241836
19093,"Ida County",0.53699284,0.715990453,1.909307876,1.193317422,100,0,0,15.2601605,0.140056022,0.255314096,102400,21.10497731,562,594,43.3,2.43247737368459,2.77346278317152,4.1,41.2,75.6,0.283647375504711,8.1,"41","7",0.56689342414966
19095,"Iowa County",0,NA,0.76283885,2.724424465,0,0,0,22.67377712,5.02901354,0.817260543,156000,22.31256029,615,950,30.8,3.30943188086045,2.40529100529101,12.3,34.5,80.4,0.221938007824255,9.4,"28","24",2.2023197768316
19097,"Jackson County",1.525808895,1.450059517,0.69256574,0.995563251,0,0,0,23.17259617,0.766283525,3.070082575,127600,22.21271577,616,727,29.4,2.71743760115853,2.74278544542033,11.2,40.5,80.9,0.207136746914335,6.2,"41","39",2.28777844671884
19099,"Jasper County",0.638482519,1.221175304,3.235804612,0.998016365,28.93401015,11.11111111,14.9068323,28.85992289,9.595959596,7.69039323,137200,22.25925221,734,862,24.7,2.90536391165322,2.35778781038375,11.4,46,74.8,0.273149412728763,9.3,"17","66",6.02463207482993
19101,"Jefferson County",1.67772142,1.469631942,1.807777344,1.35258161,36.28318584,0,0,21.32417582,4.136995592,0.214297489,120600,20.34989272,756,741,28.2,3.17937361594432,2.62110960757781,13.7,50.5,69.6,0.315098468271335,8.1,"39","51",7.05109630107215
19103,"Johnson County",1.985860793,0.914800655,1.562594818,0.084956611,1.824212272,18.83495146,0,16.08477109,821.2121212,64.49324324,238600,20.7073604,984,1266,11.2,4.56904310526417,2.12777444511098,9.4,59.3,58.6,0.450670196922059,29.2,"36","318",7.4345805820494
19105,"Jones County",1.149814001,0.450907451,NA,1.769811746,0,0,0,25.50397633,2.195945946,0.820584145,140000,21.59134953,659,868,31.4,3.05977488799038,2.48805460750853,8.6,44.9,78.6,0.232103591497679,7.5,"16","17",4.10863223591766
19107,"Keokuk County",0.558659218,0.171895144,NA,1.912333477,100,0,35.95505618,22.06018354,0,0.082508251,95800,17.39655417,711,742,46.6,2.24792923011944,2.75697865353038,16.3,52.3,78.3,0.231639722863741,5.4,"27","12",3.03465900095831
19109,"Kossuth County",0.637472284,0.692904656,0.332594235,0.332594235,100,0,0,10.86301613,0,1.531309817,109400,22.88054151,710,640,33,2.4801632282929,3.45229681978799,7.9,54.6,74.4,0.272851711026616,10.5,"59","32",1.190846018484
19111,"Lee County",1.166603607,0.378357927,1.803506117,1.185521503,100,39.16083916,0,15.29769468,0.204316179,0.064948042,98400,19.04581703,711,731,39.4,2.21836463241427,2.86774193548387,11.3,44.5,74,0.291114520853676,9.1,"80","85",4.74969127030493
19113,"Linn County",0.862392571,1.145905364,2.260199546,0.189667095,44.22413793,19.75524476,3.125,20.9941843,837.4233129,70,161600,26.81659584,778,1088,15.1,3.17397965196213,2.04163126593033,8.4,46.9,74.3,0.287599667046351,16.2,"13","214",11.1590730757459
19115,"Louisa County",0.827674024,NA,1.018675722,1.018675722,0,0,0,23.38491771,0,1.055946647,107900,21.34518784,647,753,36.1,2.41101155229817,2.51953690303907,11.4,21.4,76.5,0.253971908818789,5.5,"115","13",NA
19117,"Lucas County",0.295712173,2.020699852,NA,0.295712173,29.26829268,0,0,21.24224531,0,0.233518951,94200,30.99013308,659,689,34.2,2.07924070190928,3.32730923694779,10.7,49,76.5,0.243410435718128,9.2,"39","18",NA
19119,"Lyon County",0,0.705833506,NA,0.020759809,0,0,0,20.8513024,0.792079208,0.966999233,160700,24.63729653,714,818,26.3,3.39401875475205,2.98419864559819,6.6,28.6,85.4,0.18049205312432,9.2,"32","4",0.821018062472011
19121,"Madison County",0.477361493,NA,1.735859974,1.041515984,0,60,0,26.20567226,8.248914616,4.930662558,186700,25.47537989,827,1200,28.2,3.48444411265187,2.15091575091575,11.5,45.7,79.4,0.210605831696631,10.9,"11","43",2.2788481463642
19123,"Mahaska County",1.818181818,1.219008264,2.314049587,2.57231405,33.89830508,13.39285714,0,21.57967784,5.778191985,0.673740947,113100,19.19693571,673,727,35.3,2.60545048261881,2.47967479674797,10.7,39.4,68,0.340672851235051,10.2,"26","30",4.20502329810206
19125,"Marion County",1.783557166,0.376607688,1.669864279,0.298443829,100,0,0,28.06941314,40.625,11.38545953,160100,26.76310209,721,913,21.3,3.23892373052802,2.69848156182213,11.5,34.7,73.7,0.272613065326633,12.7,"32","66",4.00608596424496
19127,"Marshall County",1.301881159,0.961481039,1.582561959,0.441922962,16.14906832,9.056603774,0,24.6050742,2.435723951,0.948869223,104400,20.64297412,725,838,32.7,2.3278110994671,2.26933701657459,10.7,42.9,71.9,0.300363919937614,10.3,"17","39",7.53136259278552
19129,"Mills County",2.062193126,0.736497545,0.687397709,0.93289689,0,0,0,30.69286769,0.625488663,0.163649381,178500,23.97845782,837,1052,31.6,3.37997765617012,2.25142857142857,10.1,48.7,79,0.223079750091878,3.4,"23","20",1.99564586357039
19131,"Mitchell County",0.309469775,NA,0.330101093,0.86651537,0,0,0,30.09226734,0.982800983,0.797373358,120400,23.37237149,610,708,37.8,2.47680566127008,2.78489116517286,9.1,30.7,80.1,0.198568872987478,7.4,"86","12",1.52137532336833
19133,"Monona County",0.937571461,0.548822319,0.548822319,0.228675966,100,0,0,22.009908,0.394477318,0.321936057,90000,24.54541248,635,627,41.8,2.05982651683336,3.06355140186916,8.5,54.4,73.7,0.2820962888666,8.6,"71","8",0.434140835373795
19135,"Monroe County",1.265126513,1.320132013,NA,NA,100,0,0,24.76229011,0,0.094217407,113800,23.84499185,598,743,25.3,2.47036860157166,3.24068767908309,13.3,41.8,78.4,0.275979031760715,7.1,"28","14",2.67436884884467
19137,"Montgomery County",1.757539445,1.677651288,0.958657879,0.878769722,0,0,81.81818182,25.28095788,0.262123198,0.492383444,85300,20.55820005,656,616,43.6,2.05028362657437,2.4759535655058,7.5,38.3,72.3,0.29627148917169,7.1,"27","12",3.36624775583483
19139,"Muscatine County",1.731460307,1.611673745,1.796798432,0.413808124,60.47297297,0,0,20.3706204,19.68911917,2.453491507,135400,20.19102267,829,867,32.4,3.02171438773461,2.52112676056338,11.1,42.3,74.4,0.291603699449918,10,"20","63",5.42149672758458
19141,"O'Brien County",0.613120785,0.781729001,1.425505825,0.490496628,94.11764706,0,0,25.78178342,2.331002331,0.873625546,116300,22.77716021,576,708,30.1,2.48828601382143,2.7403156384505,10.5,42.2,74.6,0.290327978580991,11.4,"17","14",4.37922993857703
19143,"Osceola County",0.660180681,0.555941626,0.555941626,0.034746352,100,0,0,38.27026409,0,0.107267364,96600,18.90378943,672,604,33.7,2.20890880819537,3.25423728813559,5.5,30.9,77,0.253003003003003,4.2,"55","23",1.79556239592151
19145,"Page County",0.959473006,1.131318917,1.68981813,1.245882858,100,0,0,26.16213788,0,0.323717033,96400,20.78565052,663,643,37.1,2.29939891231753,2.70608108108108,10.9,41.1,70.3,0.308855628313065,10.5,"40","17",2.52200042981326
19147,"Palo Alto County",1.638618246,0.664304694,1.483613818,NA,46.66666667,0,0,21.45835816,0,0.277375784,107300,21.73801377,545,703,31.5,2.58330123266564,2.92709984152139,9.9,30.4,75.6,0.273706896551724,9.3,"76","12",0.348037936048029
19149,"Plymouth County",0.55463117,1.081530782,0.68404511,0.887409872,36.75213675,0,0,20.93039951,12.90082028,2.017018594,172600,25.81615417,714,868,28.7,3.5804671617641,2.5067264573991,10.6,24.9,76.7,0.247912215964265,8.6,"19","26",2.09746665322977
19151,"Pocahontas County",0,NA,NA,0.763775232,0,0,0,17.21056195,0,0.013414416,81900,23.19293397,630,557,40.1,1.96172363409902,3.42922374429224,11.9,33.7,76.3,0.260313399424368,4.6,"47","9",1.51024811229773
19153,"Polk County",1.216553115,0.893027062,3.323278651,0.0685114,36.01491742,40.50107373,0,25.32564497,1006.570513,244.9710983,190400,28.26181476,938,1206,14.9,3.6609752345793,2.07534246575342,11.7,44.8,67.1,0.354349247874428,25.7,"24","1,012",20.3090373201416
19155,"Pottawattamie County",2.250828064,1.570812004,2.898223427,0.092843521,69.16932907,18.18181818,0,29.42235859,8.935824533,6.109712033,141300,28.68978116,850,967,27.7,3.17356931093343,2.33470648815654,13.1,49.3,68.8,0.327322033898305,14.1,"11","85",12.5791224117584
19157,"Poweshiek County",1.818998428,1.021783068,1.88636874,2.49270155,100,0,0,19.82740622,0,0.248881358,148200,20.87233055,734,844,25.8,3.19920559537173,2.68969298245614,13.4,36.9,66.3,0.349431455219113,12.6,"44","69",5.17515923566879
19159,"Ringgold County",1.384730539,0.299401198,NA,NA,100,0,0,26.07366325,0,0.098667982,113000,14.83241049,636,777,33.9,2.83591828539879,3.44409448818898,11.5,49.7,74.9,0.269669017905589,3.5,"28","28",1.19965724061697
19161,"Sac County",0.898788589,0.312622118,0.488472059,0.312622118,0,36,0,20.41426928,0.204582651,0.183632246,101200,25.40370428,606,579,40.3,2.29042187217092,3.12655971479501,8.9,28.4,79.2,0.216390423572744,4.4,"35","3",0.780092050783992
19163,"Scott County",1.278111378,1.369405048,2.605084157,0.055290532,65.91549296,37.16683119,0,18.63322773,62.7430911,16.17352614,167900,21.70966462,812,1046,20.6,3.30459770114943,2.4762331838565,9.2,49.6,70.1,0.335972833904237,16.2,"17","207",12.5044209903948
19165,"Shelby County",1.567976388,1.180593986,0.498063088,0.664084117,100,100,0,22.18506603,3.996003996,0.823810789,120700,19.56300054,701,766,39,2.88680012436919,2.34857849196539,10.9,44.3,74.9,0.256612712198974,5.1,"25","18",2.07454995583216
19167,"Sioux County",0.107692308,0.984615385,1.061538462,0.092307692,59.375,0,0,22.83696104,45.04950495,6.063598657,182500,25.68540998,693,930,23.3,3.91740185030159,2.29668411867365,6.8,43.6,80.8,0.199127554729784,8.5,"22","20",0.68294815054909
19169,"Story County",0.628611494,0.79785305,1.329755083,0.191001185,19.09090909,35.27272727,0,19.33585235,217.1428571,13.57676583,195200,20.76060143,921,1082,14.1,3.72732480427726,1.99415631848064,14.9,57.2,54.5,0.495723346579993,30.9,"27","118",5.93969639171217
19171,"Tama County",0,NA,0.633663366,1.584158416,0,50,0,19.46576604,0,0.413165266,114400,20.96338847,729,782,42.1,2.61707043671219,2.50940860215054,14.1,50.4,76.1,0.261134204275534,8,"48","21",3.04638364829009
19173,"Taylor County",0.901213172,NA,0.554592721,1.109185442,0,0,0,25.33491875,0,0.401042711,84100,28.43613504,581,655,42.5,1.99700804977085,3.28397565922921,10.3,22.7,81.5,0.200233735878457,4.4,"80","9",1.33014099481245
19175,"Union County",1.607883817,1.158367911,2.852697095,2.835408022,100,52.12121212,0,23.36674965,0.573888092,0.287356322,109600,16.32434602,610,729,36.3,2.59248746333617,2.59297218155198,14.6,42.4,72.3,0.29601846508944,9.1,"58","52",3.99819436448056
19177,"Van Buren County",0,NA,NA,3.828571429,0,0,0,21.30150173,0,0.089672695,91200,29.05664484,571,598,35.9,2.2274325908558,3.32509505703422,12,46.3,80.8,0.207477265072415,5.2,"115","12",2.01072386058981
19179,"Wapello County",0.953349434,0.572009661,0.711834244,0.343205796,0,0,0,18.59152521,7.777777778,1.937309534,87400,19.05819155,767,747,32.5,2.17229209126609,2.86260869565217,12.9,50,67.7,0.364620938628159,9.1,"44","58",7.71746546904779
19181,"Warren County",0.704799348,1.011650765,2.181521791,0.843841396,33.17535545,34.28571429,13.63636364,22.55795919,0.198442414,0.724119347,196100,29.06438897,833,1228,11.6,3.47233289065958,2.20791366906475,13.4,45.4,80.4,0.206780538302277,15.5,"24","183",0.203915171288744
19183,"Washington County",0.71033114,0.501410216,0.856575786,1.368432048,0,0,0,22.45092889,0.877192982,2.532751092,158600,22.13618066,784,958,36.4,3.49170005724098,2.46191889218595,9.8,34.3,68.7,0.336300135196034,9.3,"30","60",2.28054433938986
19185,"Wayne County",0,NA,NA,2.909090909,0,0,0,20.88046689,0,0.002678739,79900,21.76629675,543,601,35.2,1.94078068449562,3.20631578947368,12.6,29.9,80.5,0.207251908396947,7.3,"57","12",NA
19187,"Webster County",3.684241601,1.476058334,1.617759934,0.3188286,0,36.49635036,0,22.12248229,0.629009938,0.413152006,107900,21.46844682,667,699,32.9,2.35615241838629,2.44892086330935,12.8,43.8,68.3,0.327266901634092,11.4,"27","96",9.88080996278081
19189,"Winnebago County",0.590900138,0.965136892,1.260586961,1.181800276,100,0,0,20.07872214,1.515151515,0.38647343,96200,19.41441656,617,670,28.1,2.34783033142969,2.05184174624829,14.5,38.9,77.8,0.267813809838959,9.3,"65","30",1.77304964539007
19191,"Winneshiek County",0.605652759,0.381336922,0.24674742,0.257963212,100,0,13.04347826,19.74069427,3.245686113,1.019900498,183300,21.54027264,723,860,37.6,4.13853830349281,2.51185250219491,10.8,48.7,78,0.236297640653358,8.3,"10","15",1.01999184002448
19193,"Woodbury County",2.674410435,2.285660757,2.229455985,0.154563125,26.53688525,14.91596639,0,28.68273238,337.1794872,16.03125,131300,19.3094192,802,829,31.5,3.01264254411124,2.29257142857143,10.5,44,67.4,0.353439769248286,16,"18","79",11.4441325857057
19195,"Worth County",0,NA,0.804597701,1.264367816,0,0,0,25.8322237,0.54200542,0.173176833,107600,17.24956554,586,690,41.1,2.4574064769561,2.23481781376518,8.2,22.6,79.6,0.210690840887777,4.8,"58","18",2.3451657604733
19197,"Wright County",1.054313099,0.191693291,0.766773163,1.086261981,0,0,5.882352941,22.02459376,0,1.989201478,86100,25.77955661,644,572,36.9,2.12477172893737,2.28692699490662,7.2,35.7,73.1,0.291651737728413,7.7,"75","21",2.0972119411547
